>DOJHLOP01E2OD5
32 31 32 31 31 28 31 28 28 31 28 31 31 28 28 30 24 24 19 3 31 31 28 32 31 29 30 28 27 14 31 28 29 22 22 21 16 7 32 27 27 13 32 28 31 31 28 31 31 27 31 29 32 31 26 32 32 27 29 24
27 26 13 30 25 19 25 19 24 30 25 25 22 11 30 25 25 25 21 9 32 31 27 29 29 28 18 32 30 30 25 29 28 18 31 17 31 28 26 24 24 23 21 12 31 31 27 29 31 31 31 31 29 24 32 17 28 32 31 31 31 26 25 11 31 27 31 26 28 32 29 28 16 26 28 27
15 29 28 18 0
>DOJHLOP02HHDJI
27 31 31 27 31 32 31 31 31 26 25 11 31 27 31 26 28 32 29 28 16 29 28 17 30 32 31 31 31 31 27 30 29 26 22 22 21 16 6 31 31 30 31 27 25 25 22 12 31 27 29 28 17 29 31 32 31 26 25 25 22 13 31 32 27 24 31 30 27 32 31 27 21 29 29 28
16 31 29 32 31 31 32 30 32 31 27 31 24 29 23 31 27 30 27 27 18 30 25 27 26 12 29 31 27 32 28 29 31 26 32 31 27 32 32 31 27 29 28 26 25 32 24 32 32 28 25 26 26 18 25 26 0
>DOJHLOP02G02S7
25 31 28 30 31 26 28 21 32 31 31 31 26 25 11 31 27 31 26 28 32 29 28 16 30 24 30 31 27 31 26 32 29 23 32 30 27 31 24 24 19 4 29 28 22 28 31 29 32 28 21 29 23 24 30 25 28 28 16 30 25 28 23 14 31 27 29 31 26 32 31 27 25 25 21 9
31 31 29 28 22 27 21 31 26 26 31 32 27 30 29 28 31 27 23 23 21 13 20 27 26 18 30 27 22 27 32 32 32 31 30 27 29 31 32 31 25 27 29 18 31 0
>DOJHLOP02JGLS0
27 30 29 31 27 31 30 32 31 31 31 26 25 11 31 27 31 26 28 32 29 28 16 32 31 31 28 31 27 32 30 32 28 30 31 26 30 30 31 32 25 25 20 7 27 31 26 19 30 27 20 31 26 31 30 30 24 31 26 31 25 28 32 29 31 27 28 32 31 26 25 25 22 10 28 32
25 25 21 9 28 28 30 27 15 15 15 14 12 8 3 31 31 32 28 31 31 28 32 30 25 26 29 29 28 18 31 26 31 24 23 7 32 30 32 23 15 15 22 13 22 0
>DOJHLOP01DNKEA
32 31 30 27 31 32 31 28 31 27 25 24 20 5 32 31 31 31 26 25 11 31 27 31 26 28 32 29 28 16 29 24 31 29 24 24 29 28 16 28 31 29 28 30 26 32 23 15 29 24 31 30 27 32 28 31 23 22 3 30 25 31 24 29 24 23 6 25 25 20 6 31 27 20 31 25
29 28 26 28 23 24 23 7 27 26 26 11 32 31 28 27 14 18 31 30 25 31 28 30 31 31 30 29 26 30 28 31 27 29 29 29 31 32 30 26 31 11 31 24 24 19 5 30 26 29 28 18 18 29 7 7 6 6 6 5
4 3 2 1 31 29 30 27 0
;