>DOJHLOP01CPWLL
29 29 22 14 31 25 18 28 31 27 31 25 24 9 31 23 31 29 24 31 29 31 31 31 27 19 32 27 20 28 24 23 27 27 26 12 29 27 31 22 22 21 15 5 31 23 22 5 31 21 24 31 26 31 28 22 28 26 31 30 26 22 30 21 31 27 25 25 18 29 31 28 27 21
25 29 26 25 22 10 31 28 26 25 22 10 32 31 26 27 24 23 7 24 29 29 23 24 23 7 29 32 31 28 27 21 24 24 18 2 31 29 23 31 31 29 31 32 25 19 32 29 30 28 27 26 12 28 27 19 26 29 26 31
28 26 0
>DOJHLOP01ATP7M
26 25 11 29 24 31 30 31 31 31 31 28 29 31 29 31 25 24 9 31 23 31 29 24 31 29 31 31 31 31 31 27 21 31 23 15 31 31 31 25 18 30 24 23 6 28 23 26 25 11 29 28 22 28 23 32 32 31 27 32 27 30 32 28 31 25 32 27 26 13 31 32 29 24
29 31 28 29 26 20 31 29 26 25 22 10 30 27 31 28 31 24 24 19 4 24 22 24 24 21 12 30 27 25 31 26 31 20 20 19 16 9 1 25 24 29 28 22 31 32 27 27 21 27 26 13 23 28 26 20 0
>DOJHLOP01C1OKC
31 27 29 28 18 31 31 28 28 15 31 27 31 31 32 31 31 25 24 9 31 23 31 29 24 31 29 31 31 31 28 31 27 31 26 26 31 31 30 27 32 30 28 32 31 28 31 25 25 21 8 31 29 24 31 30 28 29 29 24 31 27 32 32 31 28 28 16 28 23 29 31 29 23
30 28 22 29 31 26 24 24 19 4 25 25 29 31 26 27 20 22 32 29 29 29 31 32 32 30 31 28 25 24 20 5 24 29 28 17 30 27 31 31 29 23 31 30 31 28 31 28 0
>DOJHLOP01ATT3O
32 32 32 31 28 28 31 27 29 31 31 25 24 9 31 23 31 29 24 31 29 31 31 31 31 29 28 18 29 30 26 28 28 18 32 32 31 28 26 31 25 31 29 22 30 32 11 11 11 10 9 8 5 2 32 31 30 32 24 24 19 4 27 19 25 25 22 12 31 28 32 31 31 28
32 30 32 26 32 31 28 30 27 31 31 31 28 30 25 32 30 25 20 32 25 25 21 9 31 28 26 30 29 24 30 26 30 30 30 30 27 27 31 28 30 31 30 0
>DOJHLOP01B3GME
31 11 11 11 11 9 8 5 31 25 24 9 31 23 31 29 24 31 29 31 31 31  2 30 31 27 25 31 27 29 28 18 32 32 31 27 29 31 29 31 30 31 27 30 25 31 28 32 32 32 31 31 31 24 17 31 29 29 28 17 30 24 27 26 13 30 28 28 16 30 28 29 26 30
31 30 29 26 30 26 25 22 10 29 28 18 31 31 28 31 27 28 27 14 32 32 31 24 17 26 28 23 31 28 29 27 21 30 29 30 28 26 25 9 31 29 24 31 16 17 25 25 22 11 31 27 28 23 19 22 31 27 30 32
30 31 28 32 0
;