>DOJHLOP01A0CMG
24 27 17 17 31 24 24 19 4 18 8 18 7 31 30 22 13 22 22 20 13 2 31 28 31 28 27 20 20 28 31 27 30 22 22 21 15 5 27 21 28 18 29 23 28 32 31 17 28 26 25 22
31 32 31 31 24 29 30 32 31 26 31 24 31 28 31 25 24 8 31 25 25 18 31 26 32 25 32 31 26 24 25 25 20 7 27 20 27 27 21 22 21 11 26 25 31 29 21 12 31 23 22
17 23 23 22 29 31 18 0
>DOJHLOP01B85G2
29 31 31 29 28 32 28 27 21 20 11 31 21 22 21 24 28 27 25 23 29 30 29 29 27 27 20 28 27 15 32 28 24 17 29 31 31 29 30 28 22 27 21 29 24 31 24 31 28 28
25 23 15 30 31 23 22 27 29 24 22 29 25 24 8 23 16 31 26 26 29 32 12 31 27 32 25 24 20 5 26 25 10 31 29 22 29 24 23 22 2 14 28 31 17 22 22 14 25 18 32 27
21 29 31 26 30 23 22 2 28 20 10 31 21 13 0
>DOJHLOP02HLU78
32 28 31 26 32 30 30 31 32 26 20 31 27 27 31 30 25 32 30 26 31 32 31 31 32 28 28 16 32 23 22 4 32 30 24 32 28 30 32 32 29 29 32 31 32 31 27 28 31 27 26 
28 30 26 31 27 31 32 30 24 28 30 24 32 31 27 0
>DOJHLOP02F1DNI
30 32 24 21 26 27 21 30 25 24 20 6 23 22 13 30 26 25 25 21 9 31 29 24 16 22 14 29 29 30 24 30 23 22 28 30 24 17 32 31 32 19 28 29 23 22 28 30 25 30 30
30 27 20 23 24 24 30 20 30 28 32 28 31 27 31 32 31 23 25 26 27 31 31 27 26 31 26 28 21 27 17 27 31 31 29 28 17 10 30 27 27 19 7 32 28 24 23 6 0
>DOJHLOP02GMBAG
30 26 30 31 31 26 28 30 29 31 26 31 27 24 22 5 32 31 26 30 31 27 28 27 32 29 28 17 30 31 30 30 29 32 30 28 31 27 31 27 32 31 22 30 30 28 22 30 30 32 25
30 31 31 30 27 30 27 32 31 26 31 28 27 32 19 28 31 25 25 22 12 29 32 28 27 18 32 32 22 28 28 27 25 31 32 31 27 31 27 30 25 32 32 31 27 28 20 27 31 27
30 25 0
;