>DOJHLOP02HSG8F
27 25 25 22 12 27 31 27 26 30 30 27 29 28 18 31 27 31 22 21 20 16 8 29 28 32 31 24 23 21 12 30 27 30 28 18 26 32 31 30 27 32 31 27 29 32 32 30 27 31 32 28 30 25 26 26 18 32 30 27 31 27 27 32 24 23 21 13 31
27 23 23 21 13 32 31 32 29 28 27 18 31 31 31 27 26 26 18 32 26 30 27 28 25 24 24 21 13 31 31 27 32 31 32 31 31 31 27 30 24 29 26 28 27 18 28 28 18 30 28 26 31 28 25 30 25 31 32 31
32 0
>DOJHLOP01AD4GJ
30 26 31 30 29 30 31 31 31 30 25 31 32 29 30 25 32 27 21 31 26 32 28 23 28 24 23 5 28 23 27 27 13 29 26 19 30 26 30 32 31 27 28 31 31 30 26 30 17 29 29 28 17 27 25 32 31 24 23 21 12 30 27 30 29 24 31 31 28 0
>DOJHLOP01CNMJ2
25 17 27 25 25 24 17 24 24 19 3 32 27 28 30 18 7 19 24 21 13 26 20 18 25 24 16 28 27 15 29 24 26 25 11 23 15 16 30 21 31 27 29 24 29 24 31 32 23 31 28 31 31 28 25 30 27 32 25 25
21 9 28 31 27 31 20 10 16 28 24 17 26 24 25 30 29 31 28 27 15 28 23 24 18 24 23 32 30 25 32 31 28 24 24 18 2 27 24 29 30 17 6 26 20 29 32 31 24 23 21 12 30 27 30 26 22 0
>DOJHLOP01CY96H
29 27 29 29 24 28 31 18 29 25 25 22 11 29 28 23 15 31 24 17 31 28 26 30 25 18 31 28 31 29 29 29 29 26 24 29 28 31 27 24 24 22 12 27 29 25 25 21 9 32 17 6 31 32 14 14 14 13 11 8
4 24 29 32 32 30 24 31 31 27 20 26 29 29 28 17 31 28 29 26 25 11 18 23 32 18 8 22 22 13 31 29 29 30 26 28 29 24 31 28 17 21 29 30 32 31 24 23 21 12 30 27 30 31 24 0
>DOJHLOP01AWB72
28 31 26 25 11 30 27 24 23 7 32 27 26 12 30 26 31 28 32 32 32 31 24 23 21 12 30 27 30 31 31 27 31 24 24 18 3 27 27 13 32 31 29 29 23 26 25 10 32 32 32 24 16 30 25 18 28 23 29 27 21 30 31 29 30 24 23 6 31
27 21 32 17 20 24 24 19 3 26 19 28 22 22 28 29 24 27 31 28 31 28 31 25 24 9 18 25 18 25 24 19 5 29 24 24 31 27 25 18 31 31 28 28 22 26 31 26 31 24 32 21 12 31 26 0
;