>DOJHLOP02JHWE0
32 31 31 26 32 31 27 32 28 28 16 28 28 16 31 27 31 32 28 22 32 31 32 30 32 31 27 32 26 25 22 11 31 27 31 27 25 31 25 24 9 31 27 31 29 28 27 14 31 32 31 26 24 24 22 13 31 27 24 24
21 13 31 31 31 27 24 23 32 25 25 18 24 22 32 32 31 30 26 32 28 31 29 26 31 30 26 30 32 18 29 31 24 23 7 29 12 27 28 18 30 22 22 21 16 8 29 31 27 28 28 18 28 32 28 29 28 21 31 24 24 22 13 31 31 30 27
27 0
>DOJHLOP01BP6OW
28 23 31 27 29 31 31 31 24 23 7 29 12 27 32 29 31 28 31 31 31 26 31 25 19 31 27 20 27 31 32 27 21 27 25 24 7 31 26 28 27 15 32 28 23 30 26 31 32 31 28 29 16 31 31 31 29 19 31 29 28 17 29 32 31 28 17
29 26 28 31 26 29 30 25 25 22 11 27 25 30 29 27 26 25 22 10 25 23 24 24 22 12 24 17 31 29 31 32 20 20 19 16 9 1 29 26 31 23 16 31 31 31 29 29 28 28 16 15 26 24 17 0
>DOJHLOP01CDUBW
27 32 29 29 31 22 29 29 23 32 31 29 29 28 26 25 22 10 30 25 31 31 27 30 30 26 31 32 30 27 29 28 17 22 28 31 30 28 31 28 31 29 30 27 30 27 24 25 25 22 12 32 30 27 32 29 24 30 29 24
26 29 32 30 26 31 28 31 28 27 29 16 29 26 27 26 18 31 27 27 26 18 30 26 23 28 31 26 31 28 31 31 31 28 32 31 32 31 31 24 23 7 29 12 27 24 23 21 12 30 27 30 0
>DOJHLOP01E3GGD
32 26 32 29 23 22 27 28 21 32 29 24 28 26 19 9 32 24 24 19 5 32 32 28 22 18 30 26 28 22 21 17 24 17 31 27 31 29 32 16 29 30 25 31 24 17 30 27 25 25 22 11 25 18 32 24 24 18 3 30
20 30 31 28 31 17 17 16 15 12 6 1 31 31 31 24 23 7 29 12 27 13 30 28 18 8 31 25 26 20 31 32 30 27 26 18 22 14 18 29 26 0
>DOJHLOP01C1PG4
28 18 30 27 27 25 26 31 28 24 32 31 26 20 29 29 29 28 17 32 30 28 28 19 24 26 26 18 28 26 27 25 31 26 32 27 25 22 25 25 22 12 27 27 19 24 31 31 31 27 29 28 17 30 29 31 26 19 32 29
26 31 28 24 31 28 28 32 32 28 28 27 15 27 31 27 31 16 28 26 25 22 9 29 23 31 27 31 32 31 28 24 29 27 29 27 30 28 27 19 21 12 31 24 23 7 29 12 27 31 27 24 24 21 12 31 28 30 30 17 22 14 21 23 22 28 26 31 31 0
;