>DOJHLOP01ERYIJ
29 31 26 20 30 25 18 31 31 24 24 18 28 30 25 31 24 24 31 24 30 24 24 24 20 6 25 24 20 7 29 28 31 32 31 26 32 32 23 6 31 26 32 22 22 20 13 2 32 23 22 2 24 23 28 31 27 31 28 22 32 29 31 27 20 29 31 19 30 25 28 27 19 31 31 28 31 26
16 32 25 24 22 12 31 27 26 25 22 10 26 31 30 26 25 24 8 28 28 23 15 23 22 5 30 31 31 28 31 28 24 24 19 3 31 31 26 32 25 28 31 31 30 25 32 26 31 28 26 25 10 27 27 13 21 31 28 32
31 28 0
>DOJHLOP01BGUHQ
28 28 16 31 26 30 31 16 29 32 24 31 31 30 32 30 32 27 21 31 30 24 24 24 20 6 25 24 20 7 29 28 31 32 31 26 32 32 26 20 29 32 28 25 18 16 27 26 12 28 23 29 28 16 31 28 23 29 24 23 31 30 26 29 31 28 31 28 32 29 32 28 27 14 31 32 29 24
30 30 27 30 29 24 31 26 25 25 22 11 28 26 32 31 31 25 25 21 9 23 22 2 22 22 21 15 6 24 23 18 31 29 30 21 21 20 16 9 25 24 9 31 29 26 31 32 21 12 22 27 27 27 19 32 23 22 3 22 0
>DOJHLOP02IZPQQ
17 18 12 32 17 32 26 23 17 32 31 27 20 31 30 17 31 27 26 18 26 20 17 20 9 28 31 27 22 24 30 24 24 24 20 6 25 24 20 7 29 28 31 32 31 26 32 32 31 31 27 27 26 18 29 24 26 27 24 31 27 31 28 25 18 29 25 18 30 23 22 21 13 1 25 29 26 17
18 5 0
>DOJHLOP01E4H5T
32 30 31 31 27 29 31 27 30 31 32 28 27 19 29 29 23 29 28 18 30 24 24 24 20 6 25 24 20 7 29 28 31 32 31 26 32 32 31 32 31 28 29 31 31 32 29 25 18 31 32 13 13 13 12 10 8 5 1 32 31 32 10 31 25 24 20 5 17 20 25 25 22 12 31 28 31 32
29 26 32 28 26 16 31 26 24 23 22 19 30 26 24 31 28 31 29 26 31 27 30 22 22 21 15 5 21 32 25 24 26 19 28 28 30 31 31 31 27 25 32 29 30 28 31 0
>DOJHLOP01C1PG4
28 18 30 27 27 25 26 31 28 24 32 31 26 20 29 29 29 28 17 32 30 28 28 19 24 26 26 18 28 26 27 25 31 26 32 27 25 22 25 25 22 12 27 27 19 24 31 31 31 27 29 28 17 30 29 31 26 19 32 29
26 31 28 24 31 28 28 32 32 28 28 27 15 27 31 27 31 16 28 26 25 22 9 29 23 31 27 31 32 31 28 24 29 27 29 27 30 28 27 19 21 12 30 24 24 24 20 6 25 24 20 7 29 28 31 32 31 26 32 32 31 27 24 24 21 12 31 28 30 30 17 22 14 21 23 22 28 26
31 31
;
